000000000000000000000000000000
000000000000000000000000000000
000000000000000000000000000000
000000000000000000000000000000
000000000000000000000000000000
000000000000000000000000000000
000000000000000000000000000000
000000000111111111100000000000
000000000122222222100000000000
000000000122222222100000000000
000000000122222222100000000000
000000000122222222100000000000
000000000111113111100000000000
000000000000003000000000000000
000000000000003000000000000000
000000000000003000000000000000
000000000000003000000000000000
000000000000003000000000000000
000011111111113111111111100000
000012222222222222222222100000
000012222222222222222222100000
000012222222222222222222100000
000012222222222222222222100000
000012222222222222222222100000
000011111111111111111111100000
000000000000000000000000000000
000000000000000000000000000000
000000000000000000000000000000
000000000000000000000000000000
000000000000000000000000000000
